{
    "@class": "BaseSkinController",
    "id": {
        "uuid": "D2CAAD45-398F-4ED2-8985-D57B4AEDB6D7"
    },
    "boneInfoCollection": [
        {
            "@class": "BoneInfo",
            "index": 0,
            "offset": {
                "values": [
                    1.0,
                    0.0,
                    0.0,
                    0.0,
                    0.0,
                    1.0,
                    0.0,
                    0.0,
                    0.0,
                    0.0,
                    1.0,
                    0.0,
                    0.0,
                    0.0,
                    0.0,
                    1.0
                ]
            }
        },
        {
            "@class": "BoneInfo",
            "index": 1,
            "offset": {
                "values": [
                    1.0,
                    -2.220446049250313e-16,
                    -2.220445255156925e-16,
                    0.0,
                    2.220445916901415e-16,
                    1.0000001192092896,
                    -1.3320943992312096e-7,
                    0.0,
                    2.220445519854721e-16,
                    1.3320943992312096e-7,
                    1.0,
                    0.0,
                    5.5243416028031566e-17,
                    -0.9985677003860474,
                    -0.03414902091026306,
                    1.0
                ]
            }
        },
        {
            "@class": "BoneInfo",
            "index": 2,
            "offset": {
                "values": [
                    1.0,
                    -1.1312985278418237e-16,
                    -2.325429430315379e-16,
                    0.0,
                    1.224946358141361e-16,
                    0.9991725087165833,
                    0.04067361727356911,
                    0.0,
                    2.27749107126993e-16,
                    -0.04067361354827881,
                    0.9991725087165833,
                    0.0,
                    1.5379511048847328e-16,
                    -1.1628831624984742,
                    -0.07495567947626114,
                    1.0
                ]
            }
        },
        {
            "@class": "BoneInfo",
            "index": 3,
            "offset": {
                "values": [
                    1.0,
                    -1.5559776865379784e-16,
                    -2.34596839109952e-16,
                    0.0,
                    1.6847791046842434e-16,
                    0.9984340071678162,
                    0.05594208091497421,
                    0.0,
                    2.255249838959604e-16,
                    -0.055942073464393619,
                    0.9984338879585266,
                    0.0,
                    9.163275215290926e-17,
                    -1.3495768308639527,
                    -0.0955962985754013,
                    1.0
                ]
            }
        },
        {
            "@class": "BoneInfo",
            "index": 4,
            "offset": {
                "values": [
                    1.0,
                    -1.4849059312607282e-16,
                    -2.3420773334980706e-16,
                    0.0,
                    1.607824970286108e-16,
                    0.9985740780830383,
                    0.053387030959129336,
                    0.0,
                    2.2594635631743986e-16,
                    -0.05338703468441963,
                    0.998573899269104,
                    0.0,
                    1.0323874465662848e-16,
                    -1.5060299634933472,
                    -0.0917428582906723,
                    1.0
                ]
            }
        },
        {
            "@class": "BoneInfo",
            "index": 5,
            "offset": {
                "values": [
                    1.0,
                    -2.220446049250313e-16,
                    -2.220444461063537e-16,
                    0.0,
                    2.220445916901415e-16,
                    1.0000001192092896,
                    -1.6763806343078614e-7,
                    0.0,
                    2.220445652203619e-16,
                    1.6391277313232423e-7,
                    0.9999999403953552,
                    0.0,
                    5.293955920339377e-23,
                    -1.6906309127807618,
                    -0.0013780328445136548,
                    1.0
                ]
            }
        },
        {
            "@class": "BoneInfo",
            "index": 6,
            "offset": {
                "values": [
                    1.0,
                    -2.220445255156925e-16,
                    -2.220444858110231e-16,
                    0.0,
                    2.220444725761333e-16,
                    1.0000001192092896,
                    -1.5907588135632978e-7,
                    0.0,
                    2.220445784552517e-16,
                    1.5162531497026067e-7,
                    0.9999999403953552,
                    0.0,
                    3.441071348220595e-22,
                    -1.7468355894088746,
                    -0.018623745068907739,
                    1.0
                ]
            }
        },
        {
            "@class": "BoneInfo",
            "index": 7,
            "offset": {
                "values": [
                    -0.031030230224132539,
                    0.931517481803894,
                    -0.36236968636512759,
                    0.0,
                    -0.07368285953998566,
                    -0.36368972063064577,
                    -0.9286014437675476,
                    0.0,
                    -0.9967984557151794,
                    -0.002114590723067522,
                    0.07992225885391236,
                    0.0,
                    0.12594571709632874,
                    0.5502488613128662,
                    1.5698288679122925,
                    1.0
                ]
            }
        },
        {
            "@class": "BoneInfo",
            "index": 8,
            "offset": {
                "values": [
                    0.07556963711977005,
                    0.6243841648101807,
                    -0.7774530649185181,
                    0.0,
                    0.19923540949821473,
                    -0.7734154462814331,
                    -0.6017755270004273,
                    0.0,
                    -0.9770330786705017,
                    -0.10942042618989945,
                    -0.18284592032432557,
                    0.0,
                    -0.33549046516418459,
                    1.1403905153274537,
                    1.1155389547348023,
                    1.0
                ]
            }
        },
        {
            "@class": "BoneInfo",
            "index": 9,
            "offset": {
                "values": [
                    0.11695858836174011,
                    0.6391801238059998,
                    -0.7601111531257629,
                    0.0,
                    0.14769752323627473,
                    -0.7680477499961853,
                    -0.6231278777122498,
                    0.0,
                    -0.9820924997329712,
                    -0.0393865704536438,
                    -0.18423490226268769,
                    0.0,
                    -0.27852341532707217,
                    0.8419941067695618,
                    1.1390923261642457,
                    1.0
                ]
            }
        },
        {
            "@class": "BoneInfo",
            "index": 10,
            "offset": {
                "values": [
                    -0.15464098751544953,
                    0.5847229361534119,
                    -0.7963569760322571,
                    0.0,
                    0.03011997789144516,
                    -0.8028886318206787,
                    -0.5953677296638489,
                    0.0,
                    -0.9875110387802124,
                    -0.1160547062754631,
                    0.10654784739017487,
                    0.0,
                    0.00922004971653223,
                    0.5996930003166199,
                    1.1395554542541505,
                    1.0
                ]
            }
        },
        {
            "@class": "BoneInfo",
            "index": 11,
            "offset": {
                "values": [
                    0.2065999060869217,
                    0.35235917568206789,
                    -0.9127753973007202,
                    0.0,
                    -0.43427759408950808,
                    -0.8029495477676392,
                    -0.4082587659358978,
                    0.0,
                    -0.8767662048339844,
                    0.4807438850402832,
                    -0.01286739856004715,
                    0.0,
                    0.36261168122291567,
                    0.7119082808494568,
                    0.9803446531295776,
                    1.0
                ]
            }
        },
        {
            "@class": "BoneInfo",
            "index": 12,
            "offset": {
                "values": [
                    0.20660202205181123,
                    0.3251044452190399,
                    -0.9228338599205017,
                    0.0,
                    -0.4342762231826782,
                    -0.814716637134552,
                    -0.38424092531204226,
                    0.0,
                    -0.8767663836479187,
                    0.480149507522583,
                    -0.027136756107211114,
                    0.0,
                    0.3682047724723816,
                    0.6993212103843689,
                    0.9600064754486084,
                    1.0000001192092896
                ]
            }
        },
        {
            "@class": "BoneInfo",
            "index": 13,
            "offset": {
                "values": [
                    0.20659959316253663,
                    0.33537885546684267,
                    -0.9191501140594482,
                    0.0,
                    -0.43427717685699465,
                    -0.8103795647621155,
                    -0.39330437779426577,
                    0.0,
                    -0.8767665028572083,
                    0.4804222881793976,
                    -0.021776484325528146,
                    0.0,
                    0.3655897080898285,
                    0.639876663684845,
                    0.9672036170959473,
                    1.0
                ]
            }
        },
        {
            "@class": "BoneInfo",
            "index": 14,
            "offset": {
                "values": [
                    0.20659978687763215,
                    0.3353789150714874,
                    -0.919150173664093,
                    0.0,
                    -0.434277206659317,
                    -0.8103797435760498,
                    -0.3933045268058777,
                    0.0,
                    -0.8767664432525635,
                    0.48042237758636477,
                    -0.021776679903268815,
                    0.0,
                    0.3626112937927246,
                    0.5955206155776978,
                    0.9672037363052368,
                    1.0
                ]
            }
        },
        {
            "@class": "BoneInfo",
            "index": 15,
            "offset": {
                "values": [
                    -0.12584054470062257,
                    0.519565761089325,
                    -0.8451125621795654,
                    0.0,
                    -0.005475659854710102,
                    -0.8522357940673828,
                    -0.5231297016143799,
                    0.0,
                    -0.9920349717140198,
                    -0.061203572899103168,
                    0.1100909635424614,
                    0.0,
                    0.07078427821397782,
                    0.5907827019691467,
                    1.0922224521636963,
                    1.0000001192092896
                ]
            }
        },
        {
            "@class": "BoneInfo",
            "index": 16,
            "offset": {
                "values": [
                    -0.1136845201253891,
                    0.5113601088523865,
                    -0.8518133163452148,
                    0.0,
                    -0.025910045951604844,
                    -0.8586065769195557,
                    -0.5119801759719849,
                    0.0,
                    -0.9931786060333252,
                    -0.03613390401005745,
                    0.11085983365774155,
                    0.0,
                    0.08379091322422028,
                    0.5473974347114563,
                    1.0851587057113648,
                    1.0
                ]
            }
        },
        {
            "@class": "BoneInfo",
            "index": 17,
            "offset": {
                "values": [
                    -0.11368395388126373,
                    0.5811082124710083,
                    -0.8058464527130127,
                    0.0,
                    -0.025909719988703729,
                    -0.8125633597373962,
                    -0.5822966694831848,
                    0.0,
                    -0.9931784868240356,
                    -0.04531877115368843,
                    0.10743197053670883,
                    0.0,
                    0.08377503603696823,
                    0.41541850566864016,
                    1.1240283250808716,
                    1.0
                ]
            }
        },
        {
            "@class": "BoneInfo",
            "index": 18,
            "offset": {
                "values": [
                    -0.11368443816900253,
                    0.5811081528663635,
                    -0.805846631526947,
                    0.0,
                    -0.02591007575392723,
                    -0.8125633597373962,
                    -0.5822967886924744,
                    0.0,
                    -0.9931784868240356,
                    -0.04531875252723694,
                    0.10743258148431778,
                    0.0,
                    0.08381634205579758,
                    0.3816916346549988,
                    1.1240286827087403,
                    1.0000001192092896
                ]
            }
        },
        {
            "@class": "BoneInfo",
            "index": 19,
            "offset": {
                "values": [
                    -0.13467979431152345,
                    0.5395485758781433,
                    -0.8311125040054321,
                    0.0,
                    0.0035005409736186268,
                    -0.8384902477264404,
                    -0.544905424118042,
                    0.0,
                    -0.9908825159072876,
                    -0.07629728317260742,
                    0.1110391691327095,
                    0.0,
                    0.04137696698307991,
                    0.5598840117454529,
                    1.1108256578445435,
                    1.0
                ]
            }
        },
        {
            "@class": "BoneInfo",
            "index": 20,
            "offset": {
                "values": [
                    -0.13050232827663423,
                    0.5472065210342407,
                    -0.8267606496810913,
                    0.0,
                    -0.003058281959965825,
                    -0.834110677242279,
                    -0.551588773727417,
                    0.0,
                    -0.9914427995681763,
                    -0.0694553330540657,
                    0.11052707582712174,
                    0.0,
                    0.04536260664463043,
                    0.5004561543464661,
                    1.1148592233657838,
                    1.0
                ]
            }
        },
        {
            "@class": "BoneInfo",
            "index": 21,
            "offset": {
                "values": [
                    -0.1305016130208969,
                    0.6083610653877258,
                    -0.782857358455658,
                    0.0,
                    -0.00305795855820179,
                    -0.7898535132408142,
                    -0.6132882237434387,
                    0.0,
                    -0.9914429187774658,
                    -0.07764134556055069,
                    0.10493765771389008,
                    0.0,
                    0.045348431915044788,
                    0.3727271258831024,
                    1.1464455127716065,
                    1.0
                ]
            }
        },
        {
            "@class": "BoneInfo",
            "index": 22,
            "offset": {
                "values": [
                    -0.13050256669521333,
                    0.6083601713180542,
                    -0.7828577160835266,
                    0.0,
                    -0.003058594884350896,
                    -0.7898539900779724,
                    -0.6132873892784119,
                    0.0,
                    -0.9914427995681763,
                    -0.0776413306593895,
                    0.10493887960910797,
                    0.0,
                    0.04539402946829796,
                    0.3360210061073303,
                    1.1464451551437379,
                    1.0000001192092896
                ]
            }
        },
        {
            "@class": "BoneInfo",
            "index": 23,
            "offset": {
                "values": [
                    -0.1395324170589447,
                    0.5019999742507935,
                    -0.8535374999046326,
                    0.0,
                    0.009271117858588696,
                    -0.8612698912620544,
                    -0.5080634951591492,
                    0.0,
                    -0.9901738166809082,
                    -0.07880472391843796,
                    0.1155211478471756,
                    0.0,
                    0.007381323724985123,
                    0.6111860871315002,
                    1.0874099731445313,
                    1.0000001192092896
                ]
            }
        },
        {
            "@class": "BoneInfo",
            "index": 24,
            "offset": {
                "values": [
                    -0.13953150808811189,
                    0.5284069776535034,
                    -0.837446391582489,
                    0.0,
                    0.009271442890167237,
                    -0.8449855446815491,
                    -0.5347089171409607,
                    0.0,
                    -0.990173876285553,
                    -0.08237326145172119,
                    0.113003209233284,
                    0.0,
                    0.007327635772526264,
                    0.5329451560974121,
                    1.104589819908142,
                    0.9999998807907105
                ]
            }
        },
        {
            "@class": "BoneInfo",
            "index": 25,
            "offset": {
                "values": [
                    -0.13953199982643128,
                    0.6238713264465332,
                    -0.7689699530601502,
                    0.0,
                    0.009271110408008099,
                    -0.7757097482681274,
                    -0.6310217380523682,
                    0.0,
                    -0.9901738166809082,
                    -0.09517711400985718,
                    0.10245250165462494,
                    0.0,
                    0.007303033489733934,
                    0.35631752014160159,
                    1.1549187898635865,
                    0.9999998807907105
                ]
            }
        },
        {
            "@class": "BoneInfo",
            "index": 26,
            "offset": {
                "values": [
                    -0.13953211903572083,
                    0.6238714456558228,
                    -0.7689698338508606,
                    0.0,
                    0.009271213784813881,
                    -0.7757096886634827,
                    -0.6310219764709473,
                    0.0,
                    -0.9901738166809082,
                    -0.0951773077249527,
                    0.10245253145694733,
                    0.0,
                    0.007381084840744734,
                    0.3184677064418793,
                    1.154919147491455,
                    1.0
                ]
            }
        },
        {
            "@class": "BoneInfo",
            "index": 27,
            "offset": {
                "values": [
                    -0.14220492541790009,
                    0.564733624458313,
                    -0.8129286766052246,
                    0.0,
                    0.01445769239217043,
                    -0.8200027942657471,
                    -0.572176992893219,
                    0.0,
                    -0.9897313714027405,
                    -0.09311966598033905,
                    0.10844387114048004,
                    0.0,
                    -0.02309996262192726,
                    0.5284667015075684,
                    1.1226506233215333,
                    1.0
                ]
            }
        },
        {
            "@class": "BoneInfo",
            "index": 28,
            "offset": {
                "values": [
                    -0.12925663590431214,
                    0.5054672360420227,
                    -0.853108823299408,
                    0.0,
                    -0.00475597707554698,
                    -0.8606325387954712,
                    -0.5092044472694397,
                    0.0,
                    -0.9915993213653565,
                    -0.06176085025072098,
                    0.11364662647247315,
                    0.0,
                    -0.01165161095559597,
                    0.5626779794692993,
                    1.083587408065796,
                    1.0
                ]
            }
        },
        {
            "@class": "BoneInfo",
            "index": 29,
            "offset": {
                "values": [
                    -0.12925712764263154,
                    0.6074264049530029,
                    -0.783788800239563,
                    0.0,
                    -0.0047558369114995,
                    -0.7907907366752625,
                    -0.6120683550834656,
                    0.0,
                    -0.9915993213653565,
                    -0.07538682967424393,
                    0.10510429739952088,
                    0.0,
                    -0.01168424729257822,
                    0.3957657814025879,
                    1.1415235996246338,
                    0.9999998807907105
                ]
            }
        },
        {
            "@class": "BoneInfo",
            "index": 30,
            "offset": {
                "values": [
                    -0.12925684452056886,
                    0.6074264645576477,
                    -0.7837888598442078,
                    0.0,
                    -0.004756012465804815,
                    -0.7907907366752625,
                    -0.6120683550834656,
                    0.0,
                    -0.991599440574646,
                    -0.07538651674985886,
                    0.10510418564081192,
                    0.0,
                    -0.01164914108812809,
                    0.3710783123970032,
                    1.1415234804153443,
                    1.0
                ]
            }
        },
        {
            "@class": "BoneInfo",
            "index": 31,
            "offset": {
                "values": [
                    -0.031030233949422838,
                    -0.931517481803894,
                    0.36236968636512759,
                    0.0,
                    0.07368285953998566,
                    -0.36368972063064577,
                    -0.9286014437675476,
                    0.0,
                    0.9967984557151794,
                    -0.002114590723067522,
                    0.07992225885391236,
                    0.0,
                    -0.12594573199748994,
                    0.5502488613128662,
                    1.5698288679122925,
                    1.0
                ]
            }
        },
        {
            "@class": "BoneInfo",
            "index": 32,
            "offset": {
                "values": [
                    0.07556963711977005,
                    -0.6243841648101807,
                    0.7774530649185181,
                    0.0,
                    -0.19923540949821473,
                    -0.7734154462814331,
                    -0.6017755270004273,
                    0.0,
                    0.9770330786705017,
                    -0.10942042618989945,
                    -0.18284592032432557,
                    0.0,
                    0.33549046516418459,
                    1.1403905153274537,
                    1.1155389547348023,
                    1.0
                ]
            }
        },
        {
            "@class": "BoneInfo",
            "index": 33,
            "offset": {
                "values": [
                    0.11695858836174011,
                    -0.6391801238059998,
                    0.7601111531257629,
                    0.0,
                    -0.14769752323627473,
                    -0.7680477499961853,
                    -0.6231278777122498,
                    0.0,
                    0.9820924997329712,
                    -0.0393865704536438,
                    -0.18423490226268769,
                    0.0,
                    0.27852341532707217,
                    0.8419941067695618,
                    1.1390923261642457,
                    1.0
                ]
            }
        },
        {
            "@class": "BoneInfo",
            "index": 34,
            "offset": {
                "values": [
                    -0.15464098751544953,
                    -0.5847229361534119,
                    0.7963569760322571,
                    0.0,
                    -0.03011997789144516,
                    -0.8028886318206787,
                    -0.5953677296638489,
                    0.0,
                    0.9875110387802124,
                    -0.1160547062754631,
                    0.10654784739017487,
                    0.0,
                    -0.00922004971653223,
                    0.5996930003166199,
                    1.1395554542541505,
                    1.0
                ]
            }
        },
        {
            "@class": "BoneInfo",
            "index": 35,
            "offset": {
                "values": [
                    0.2065999060869217,
                    -0.35235917568206789,
                    0.9127753973007202,
                    0.0,
                    0.43427759408950808,
                    -0.8029495477676392,
                    -0.4082587659358978,
                    0.0,
                    0.8767662048339844,
                    0.4807438850402832,
                    -0.01286739856004715,
                    0.0,
                    -0.36261168122291567,
                    0.7119082808494568,
                    0.9803446531295776,
                    1.0
                ]
            }
        },
        {
            "@class": "BoneInfo",
            "index": 36,
            "offset": {
                "values": [
                    0.20660202205181123,
                    -0.3251044452190399,
                    0.9228338599205017,
                    0.0,
                    0.4342762231826782,
                    -0.814716637134552,
                    -0.38424092531204226,
                    0.0,
                    0.8767663836479187,
                    0.480149507522583,
                    -0.027136756107211114,
                    0.0,
                    -0.3682047724723816,
                    0.6993212103843689,
                    0.9600064754486084,
                    1.0000001192092896
                ]
            }
        },
        {
            "@class": "BoneInfo",
            "index": 37,
            "offset": {
                "values": [
                    0.20659959316253663,
                    -0.33537885546684267,
                    0.9191501140594482,
                    0.0,
                    0.43427717685699465,
                    -0.8103795647621155,
                    -0.39330437779426577,
                    0.0,
                    0.8767665028572083,
                    0.4804222881793976,
                    -0.021776484325528146,
                    0.0,
                    -0.3655897080898285,
                    0.639876663684845,
                    0.9672036170959473,
                    1.0
                ]
            }
        },
        {
            "@class": "BoneInfo",
            "index": 38,
            "offset": {
                "values": [
                    0.20659978687763215,
                    -0.3353789150714874,
                    0.919150173664093,
                    0.0,
                    0.434277206659317,
                    -0.8103797435760498,
                    -0.3933045268058777,
                    0.0,
                    0.8767664432525635,
                    0.48042237758636477,
                    -0.021776679903268815,
                    0.0,
                    -0.3626112937927246,
                    0.5955206155776978,
                    0.9672037363052368,
                    1.0
                ]
            }
        },
        {
            "@class": "BoneInfo",
            "index": 39,
            "offset": {
                "values": [
                    -0.12584054470062257,
                    -0.519565761089325,
                    0.8451125621795654,
                    0.0,
                    0.005475659854710102,
                    -0.8522357940673828,
                    -0.5231297016143799,
                    0.0,
                    0.9920349717140198,
                    -0.061203572899103168,
                    0.1100909635424614,
                    0.0,
                    -0.07078427821397782,
                    0.5907827019691467,
                    1.0922224521636963,
                    1.0000001192092896
                ]
            }
        },
        {
            "@class": "BoneInfo",
            "index": 40,
            "offset": {
                "values": [
                    -0.1136845201253891,
                    -0.5113601088523865,
                    0.8518133163452148,
                    0.0,
                    0.025910045951604844,
                    -0.8586065769195557,
                    -0.5119801759719849,
                    0.0,
                    0.9931786060333252,
                    -0.03613390401005745,
                    0.11085983365774155,
                    0.0,
                    -0.08379091322422028,
                    0.5473974347114563,
                    1.0851587057113648,
                    1.0
                ]
            }
        },
        {
            "@class": "BoneInfo",
            "index": 41,
            "offset": {
                "values": [
                    -0.11368395388126373,
                    -0.5811082124710083,
                    0.8058464527130127,
                    0.0,
                    0.025909719988703729,
                    -0.8125633597373962,
                    -0.5822966694831848,
                    0.0,
                    0.9931784868240356,
                    -0.04531877115368843,
                    0.10743197053670883,
                    0.0,
                    -0.08377503603696823,
                    0.41541850566864016,
                    1.1240283250808716,
                    1.0
                ]
            }
        },
        {
            "@class": "BoneInfo",
            "index": 42,
            "offset": {
                "values": [
                    -0.11368443816900253,
                    -0.5811081528663635,
                    0.805846631526947,
                    0.0,
                    0.02591007575392723,
                    -0.8125633597373962,
                    -0.5822967886924744,
                    0.0,
                    0.9931784868240356,
                    -0.04531875252723694,
                    0.10743258148431778,
                    0.0,
                    -0.08381634205579758,
                    0.3816916346549988,
                    1.1240286827087403,
                    1.0000001192092896
                ]
            }
        },
        {
            "@class": "BoneInfo",
            "index": 43,
            "offset": {
                "values": [
                    -0.13467979431152345,
                    -0.5395485758781433,
                    0.8311125040054321,
                    0.0,
                    -0.0035005409736186268,
                    -0.8384902477264404,
                    -0.544905424118042,
                    0.0,
                    0.9908825159072876,
                    -0.07629728317260742,
                    0.1110391691327095,
                    0.0,
                    -0.04137696698307991,
                    0.5598840117454529,
                    1.1108256578445435,
                    1.0
                ]
            }
        },
        {
            "@class": "BoneInfo",
            "index": 44,
            "offset": {
                "values": [
                    -0.13050232827663423,
                    -0.5472065210342407,
                    0.8267606496810913,
                    0.0,
                    0.003058281959965825,
                    -0.834110677242279,
                    -0.551588773727417,
                    0.0,
                    0.9914427995681763,
                    -0.0694553330540657,
                    0.11052707582712174,
                    0.0,
                    -0.04536260664463043,
                    0.5004561543464661,
                    1.1148592233657838,
                    1.0
                ]
            }
        },
        {
            "@class": "BoneInfo",
            "index": 45,
            "offset": {
                "values": [
                    -0.1305016130208969,
                    -0.6083610653877258,
                    0.782857358455658,
                    0.0,
                    0.00305795855820179,
                    -0.7898535132408142,
                    -0.6132882237434387,
                    0.0,
                    0.9914429187774658,
                    -0.07764134556055069,
                    0.10493765771389008,
                    0.0,
                    -0.045348431915044788,
                    0.3727271258831024,
                    1.1464455127716065,
                    1.0
                ]
            }
        },
        {
            "@class": "BoneInfo",
            "index": 46,
            "offset": {
                "values": [
                    -0.13050256669521333,
                    -0.6083601713180542,
                    0.7828577160835266,
                    0.0,
                    0.003058594884350896,
                    -0.7898539900779724,
                    -0.6132873892784119,
                    0.0,
                    0.9914427995681763,
                    -0.0776413306593895,
                    0.10493887960910797,
                    0.0,
                    -0.04539402946829796,
                    0.3360210061073303,
                    1.1464451551437379,
                    1.0000001192092896
                ]
            }
        },
        {
            "@class": "BoneInfo",
            "index": 47,
            "offset": {
                "values": [
                    -0.1395324170589447,
                    -0.5019999742507935,
                    0.8535374999046326,
                    0.0,
                    -0.009271117858588696,
                    -0.8612698912620544,
                    -0.5080634951591492,
                    0.0,
                    0.9901738166809082,
                    -0.07880472391843796,
                    0.1155211478471756,
                    0.0,
                    -0.007381323724985123,
                    0.6111860871315002,
                    1.0874099731445313,
                    1.0000001192092896
                ]
            }
        },
        {
            "@class": "BoneInfo",
            "index": 48,
            "offset": {
                "values": [
                    -0.13953150808811189,
                    -0.5284069776535034,
                    0.837446391582489,
                    0.0,
                    -0.009271442890167237,
                    -0.8449855446815491,
                    -0.5347089171409607,
                    0.0,
                    0.990173876285553,
                    -0.08237326145172119,
                    0.113003209233284,
                    0.0,
                    -0.007327635772526264,
                    0.5329451560974121,
                    1.104589819908142,
                    0.9999998807907105
                ]
            }
        },
        {
            "@class": "BoneInfo",
            "index": 49,
            "offset": {
                "values": [
                    -0.13953199982643128,
                    -0.6238713264465332,
                    0.7689699530601502,
                    0.0,
                    -0.009271110408008099,
                    -0.7757097482681274,
                    -0.6310217380523682,
                    0.0,
                    0.9901738166809082,
                    -0.09517711400985718,
                    0.10245250165462494,
                    0.0,
                    -0.007303033489733934,
                    0.35631752014160159,
                    1.1549187898635865,
                    0.9999998807907105
                ]
            }
        },
        {
            "@class": "BoneInfo",
            "index": 50,
            "offset": {
                "values": [
                    -0.13953211903572083,
                    -0.6238714456558228,
                    0.7689698338508606,
                    0.0,
                    -0.009271213784813881,
                    -0.7757096886634827,
                    -0.6310219764709473,
                    0.0,
                    0.9901738166809082,
                    -0.0951773077249527,
                    0.10245253145694733,
                    0.0,
                    -0.007381084840744734,
                    0.3184677064418793,
                    1.154919147491455,
                    1.0
                ]
            }
        },
        {
            "@class": "BoneInfo",
            "index": 51,
            "offset": {
                "values": [
                    -0.14220492541790009,
                    -0.564733624458313,
                    0.8129286766052246,
                    0.0,
                    -0.01445769239217043,
                    -0.8200027942657471,
                    -0.572176992893219,
                    0.0,
                    0.9897313714027405,
                    -0.09311966598033905,
                    0.10844387114048004,
                    0.0,
                    0.02309996262192726,
                    0.5284667015075684,
                    1.1226506233215333,
                    1.0
                ]
            }
        },
        {
            "@class": "BoneInfo",
            "index": 52,
            "offset": {
                "values": [
                    -0.12925663590431214,
                    -0.5054672360420227,
                    0.853108823299408,
                    0.0,
                    0.00475597707554698,
                    -0.8606325387954712,
                    -0.5092044472694397,
                    0.0,
                    0.9915993213653565,
                    -0.06176085025072098,
                    0.11364662647247315,
                    0.0,
                    0.01165161095559597,
                    0.5626779794692993,
